image: src/cube_robot_slam/config/map.pgm
resolution: 0.050000
origin: [-48.400000, -301.200000, 0.000000]
negate: 0
occupied_thresh: 0.65
free_thresh: 0.196

